volume=110.926453
audio-channels=auto-safe
sub-pos=97.000000
