audio-channels=auto-safe
sub-pos=97.000000
volume=112.926453
