volume=122.926453
sub-pos=97.000000
audio-channels=auto-safe
